
Error in as.data.frame.default(x[[i]], optional = TRUE, stringsAsFactors = stringsAsFactors) : 
  cannot coerce class ""describe"" to a data.frame
> describe.data
data 

 14  Variables      506  Observations
-----------------------------------------------------------------------------
crim 
      n missing  unique    Mean     .05     .10     .25     .50     .75 
    506       0     452   1.269 0.00000 0.00000 0.04944 0.14466 0.81962 
    .90     .95 
5.14597 7.63552 

lowest : 0.00000 0.00632 0.00906 0.01096 0.01301
highest: 9.72418 9.82349 9.91655 9.92485 9.96654 
-----------------------------------------------------------------------------
zn 
      n missing  unique    Mean     .05     .10     .25     .50     .75 
    506       0      27    13.3     0.0     0.0     0.0     0.0    18.1 
    .90     .95 
   42.5    80.0 

lowest :   0.0  12.5  17.5  18.0  18.1
highest:  82.5  85.0  90.0  95.0 100.0 
-----------------------------------------------------------------------------
indus 
      n missing  unique    Mean     .05     .10     .25     .50     .75 
    506       0      77   9.205    0.00    0.00    3.44    6.96   18.10 
    .90     .95 
  19.58   21.89 

lowest :  0.00  0.46  0.74  1.21  1.22
highest: 18.10 19.58 21.89 25.65 27.74 
-----------------------------------------------------------------------------
chas 
      n missing  unique    Mean     .05     .10     .25     .50     .75 
    506       0      16  0.1408  0.0000  0.0000  0.0000  0.0000  0.0000 
    .90     .95 
 0.6965  1.0000 

            0 0.58 0.584 0.597 0.614 0.631 0.659 0.668 0.671 0.679 0.693 0.7
Frequency 417    2     2     5     4     1     2     2     6     6     8   6
%          82    0     0     1     1     0     0     0     1     1     2   1
          0.713 0.718 0.74  1
Frequency     1     2    7 35
%             0     0    1  7
-----------------------------------------------------------------------------
nox 
      n missing  unique    Mean     .05     .10     .25     .50     .75 
    506       0     132   1.101  0.4092  0.4270  0.4490  0.5380  0.6470 
    .90     .95 
 4.2530  5.9185 

lowest : 0.385 0.389 0.392 0.394 0.398
highest: 6.824 6.833 6.852 6.968 7.313 
-----------------------------------------------------------------------------
rm 
      n missing  unique    Mean     .05     .10     .25     .50     .75 
    506       0     437   15.68   5.524   5.706   5.962   6.322   6.949 
    .90     .95 
 73.750  97.225 

lowest :   3.561   4.903   4.926   4.963   4.970
highest:  97.300  97.900  98.100  99.100 100.000 
-----------------------------------------------------------------------------
age 
      n missing  unique    Mean     .05     .10     .25     .50     .75 
    506       0     399   58.74   1.617   2.196  32.000  65.250  89.975 
    .90     .95 
 97.300  98.800 

lowest :   1.137   1.174   1.178   1.285   1.316
highest:  98.700  98.800  98.900  99.300 100.000 
-----------------------------------------------------------------------------
dis 
      n missing  unique    Mean     .05     .10     .25     .50     .75 
    506       0     361   6.173   1.635   1.876   2.431   3.926   6.332 
    .90     .95 
 24.000  24.000 

lowest :  1.130  1.169  1.202  1.322  1.333
highest:  9.223 10.586 10.710 12.127 24.000 
-----------------------------------------------------------------------------
rad 
      n missing  unique    Mean     .05     .10     .25     .50     .75 
    506       0      10   78.06       2       3       4       5      24 
    .90     .95 
    666     666 

           1  2  3   4   5  6  7  8 24 666
Frequency 20 24 38 110 115 26 17 24 78  54
%          4  5  8  22  23  5  3  5 15  11
-----------------------------------------------------------------------------
tax 
      n missing  unique    Mean     .05     .10     .25     .50     .75 
    506       0      67   339.3    20.2    20.2   254.0   307.0   403.0 
    .90     .95 
  666.0   666.0 

lowest :  20.2 187.0 188.0 193.0 198.0
highest: 432.0 437.0 469.0 666.0 711.0 
-----------------------------------------------------------------------------
ptratio 
      n missing  unique    Mean     .05     .10     .25     .50     .75 
    506       0      85   42.61   14.70   14.70   17.00   18.90   20.20 
    .90     .95 
  21.38  345.13 

lowest :   2.60   7.68   9.32  12.60  13.00
highest: 383.32 384.97 391.45 393.74 396.90 
-----------------------------------------------------------------------------
b 
      n missing  unique    Mean     .05     .10     .25     .50     .75 
    506       0     374   332.8   20.14   29.82  365.00  390.66  395.62 
    .90     .95 
 396.90  396.90 

lowest :   0.32   2.52   3.50   3.65   6.68
highest: 396.28 396.30 396.33 396.42 396.90 
-----------------------------------------------------------------------------
lstat 
      n missing  unique    Mean     .05     .10     .25     .50     .75 
    506       0     445   11.54   3.708   4.680   6.877  10.380  15.015 
    .90     .95 
 19.125  23.242 

lowest :  1.73  1.92  1.98  2.47  2.87
highest: 29.68 29.93 29.97 30.81 34.41 
-----------------------------------------------------------------------------
medv 
      n missing  unique    Mean     .05     .10     .25     .50     .75 
    452      54     210   23.75   13.26   14.50   18.50   21.95   26.60 
    .90     .95 
  35.38   44.36 

lowest :  6.3  7.0  8.1  8.5  9.5, highest: 46.7 48.3 48.5 48.8 50.0 
-----------------------------------------------------------------------------